5267.39584045 3413.22530415 36
5524.45641645 3385.24998415 22
5403.68633545 3299.47299415 56
5455.21649245 3169.67415415 50
5604.39635545 3172.00247415 16
5511.71247945 3249.26715415 9
5598.80856945 3061.03805415 5
5604.52466045 2731.08508415 43
5425.95894345 2712.47496415 13
5360.27062845 2807.32331415 40
5321.00209745 2821.52838415 30
2968.78194845 5087.53266415 43
2933.39158745 5047.25675415 36
2927.97988645 5022.90374415 87
2817.35073345 4852.51285415 70
2720.12309045 4896.48115415 25
2855.09761445 4876.01750415 44
3046.24153345 4940.24467415 22
3010.83013045 4863.42809415 15
2996.52813945 4962.27193415 13
334.305639452 4396.49457415 38
354.019223452 4338.68157415 21
648.786174452 4366.69031415 23
610.463171452 4401.22847415 28
980.227520452 4542.89627415 18
1606.06019145 4733.15541415 26
1598.18703945 4757.47341415 19
1940.74555745 4562.31317415 25
1932.80886545 4535.10729415 13
1720.80309845 4447.29166415 36
1880.39331745 4385.01231415 35
2043.64678945 4530.18527415 30
2820.56869045 4766.71740415 44
2843.07155045 4770.21502415 20
2974.14782345 4694.76221415 38
2736.59463445 4759.26607415 33
2727.02831545 4733.58270415 17
2755.45716445 4647.35473415 31
2736.35587845 4636.46502415 40
2708.27916045 4633.64874415 12
2823.60486345 4605.90000415 30
2822.04986445 4625.24511415 6
2801.11973845 4633.60659415 105
2922.24927845 4655.96999415 15
2888.92751345 4650.10866415 7
2914.37172145 4630.12708415 17
2929.24981745 4540.78120415 44
2820.08812745 4556.67728415 72
2687.61752645 4371.60182415 64
2718.63765945 4418.17193415 34
2753.25432545 4440.20154415 13
2769.15394945 4447.17038415 18
2765.48940945 4472.86587415 35
2828.25834645 4450.06893415 64
2843.06591445 4353.55352415 83
2865.32318245 4335.08384415 30
2952.55747945 4372.14735415 29
3027.18958145 4721.55351415 42
2993.36669745 4619.72099415 80
3005.27855545 4649.63078415 162
3146.12968745 4530.27392415 27
3436.32423945 4348.83735415 29
3430.32615345 4324.45835415 8
3553.94924145 4500.64146415 29
3541.03578645 4470.63704415 15
3507.34602045 4499.94942415 22
3513.85916345 4477.75186415 12
3499.36327545 4457.00902415 41
3486.79722845 4431.06104415 33
3507.47713245 4429.68483415 27
3523.33430445 4393.00681415 21
3569.99206545 4383.62879415 8
3560.93145945 4376.96624415 5
3886.90411245 4362.04608415 32
299.346699452 4280.99926415 33
274.012117452 4329.45507415 26
239.193202452 4303.53880415 54
364.595860452 4234.78506415 36
415.787467452 4333.74100415 10
531.255408452 4261.07130415 48
503.888700452 4233.60295415 27
597.507167452 4231.63901415 43
704.149703452 4217.64304415 67
714.659592452 4238.30368415 39
667.898501452 4160.00569415 22
705.392688452 4176.12729415 44
735.030982452 4179.34105415 50
761.609068452 4159.60190415 35
764.728892452 4182.39230415 76
738.117822452 4120.95350415 39
783.761115452 4097.30625415 24
816.513080452 4174.91711415 15
853.131332452 4254.42894415 32
768.933899452 4064.53873415 22
790.449019452 4044.52479415 15
786.598362452 4025.48580415 41
747.142104452 4034.53269415 21
729.410013452 4041.55935415 50
750.501433452 4012.04092415 31
733.033815452 4022.72688415 17
731.408071452 4004.84414415 36
696.131473452 4027.22214415 11
662.430497452 4015.46229415 24
680.147442452 4013.34484415 23
690.298055452 4002.89918415 36
674.683819452 3956.06329415 49
719.303021452 3959.34711415 53
640.745591452 3891.94325415 37
597.708597452 3923.76755415 36
641.576918452 3949.40380415 13
591.316218452 3963.05033415 21
568.872641452 3948.61628415 52
586.900769452 3946.68827415 16
550.549415452 4013.59402415 16
696.813305452 3907.63784415 49
766.463654452 3926.63541415 8
785.548716452 3938.49657415 28
827.894216452 3932.27484415 38
800.482264452 3875.17099415 44
818.662637452 3906.78388415 44
775.339998452 3847.04121415 49
664.772981452 4062.56494415 41
826.664879452 3831.07016415 64
908.488308452 3864.18742415 48
926.140346452 3894.13570415 22
941.623861452 3883.89755415 30
956.133724452 3858.77909415 35
974.399961452 3864.25287415 27
860.445769452 3971.31911415 29
823.287754452 3984.66726415 22
917.947686452 4034.50236415 42
885.700676452 4071.53327415 29
814.987227452 4043.37752415 9
663.358234452 4128.82568415 59
994.384673452 3871.07158415 74
1010.53483045 3862.33848415 45
1539.34751645 4098.54295415 14
1554.41854145 4080.53149415 13
1556.21379645 4065.76769415 24
1552.67498645 3907.32105415 111
1553.25008745 3929.19878415 7
1491.28751145 3953.25741415 42
1542.08465945 4004.01079415 71
1656.23318245 3995.70193415 78
1714.96380545 3956.12114415 10
1538.15753945 3842.40903415 60
1733.07798945 3907.57996415 32
1754.45923345 4060.47726415 25
1781.98552445 4086.13346415 36
1737.84931745 4283.23707415 15
1787.23767245 4276.48832415 10
1828.10003845 4306.52602415 21
1791.61229645 4295.29114415 38
1952.64887145 4227.68187415 23
2106.92312445 4248.72647415 28
2155.23863245 4240.50803415 8
2282.64367445 4228.25735415 20
2458.57913345 4270.71363415 13
2280.50208545 4179.65637415 17
2000.29904845 4194.73710415 17
2226.88076045 3960.60321415 27
2237.94178745 3974.41401415 11
2405.97206045 3976.90030415 14
2271.21113345 3910.74460415 48
2156.25519545 3983.68517415 21
2848.72700445 4180.40619415 11
1989.30997045 3936.94980415 5
1989.18090645 3851.37545415 13
2713.25089745 4214.73237415 24
2861.93706145 4117.03386415 13
2655.39313345 4053.39453415 61
2766.03211645 4149.61533415 29
2729.27133745 4162.48892415 16
2708.96779945 4111.26488415 27
2634.37028445 4048.05901415 16
2625.35731345 4040.73395415 17
2741.10295445 4089.33749415 10
2756.70884545 4075.33268415 11
2608.57877945 3911.55844415 26
2898.83805945 3978.09542415 61
2514.64471445 3868.35172415 29
2529.62582445 3855.21608415 5
2593.66731845 3878.03471415 20
2675.85494445 3907.34185415 50
2834.60505445 3850.64954415 37
3093.19122545 4040.96737415 36
3103.60345345 4024.01869415 34
3455.13129545 3965.19775415 30
3144.03001945 4233.03740415 49
3006.75528445 4017.05709415 61
3208.03333045 4042.10805415 16
3185.69907845 3995.38594415 17
3376.15106245 3941.58040415 17
3326.53212645 3966.23598415 45
3346.29734545 3924.55130415 30
3345.71954745 3851.44897415 38
3414.24897745 3901.68816415 50
3454.99527745 4047.89793415 18
3256.54755345 3872.96454415 65
3082.36409245 3938.39315415 34
3053.43974445 3869.08982415 38
3381.34712645 3902.18546415 56
3407.52971545 3871.06048415 89
3845.37420745 4129.30600415 11
691.059514452 3985.80879415 34
3512.69239145 4248.92768415 69
3754.04844845 4317.67082415 38
3821.19613845 4249.82404415 49
3868.91480345 4226.92789415 33
3892.25652445 4243.09797415 34
3921.20003345 4275.16908415 14
3810.65150845 4164.45461415 56
3845.58687345 4112.75941415 47
3729.80831945 4108.08575415 5
3728.69057845 4074.94152415 20
3767.83178445 4117.50436415 63
3796.81711745 4092.85258415 33
3762.06403345 4090.67372415 22
3604.10574145 3980.88247415 28
3580.16783845 4099.28130415 47
3527.51401845 4105.70675415 44
3485.29952645 3997.55664415 34
3536.23236545 3999.06944415 23
3602.89602145 4065.83175415 12
3594.17944345 4055.98287415 21
3625.72983745 3964.19861415 24
3652.75778845 3980.99753415 13
3624.38068145 3986.78021415 10
3835.64358245 4055.67339415 7
3823.48714645 4061.47940415 11
3696.70922845 3958.91470415 27
3697.48887245 3979.89975415 16
3711.40928745 3850.31242415 19
3656.04107545 3887.87373415 24
3558.45610445 3887.40794415 32
3478.76893645 3918.83259415 35
3695.96721545 3660.51901415 20
3669.08290745 3664.10420415 58
3651.05088645 3673.04730415 26
3524.18902745 3761.77347415 34
3684.22120445 3717.18073415 28
3632.60283945 3571.22747415 21
3670.06122045 3393.44306415 31
3536.32590445 3674.15254415 47
3837.72871045 3446.76581415 13
3691.87009145 3475.10737415 17
3716.86406245 3423.95492415 66
3503.80123245 3438.16707415 68
3504.54439245 3401.97833415 4
3510.22798145 3393.74758415 17
3899.47347845 3428.70231415 11
3564.67956945 3263.50353415 20
3477.28341145 3284.85957415 77
3684.22359045 3309.19989415 62
3516.55645245 3049.06383415 67
3909.36288145 3099.21524415 28
3892.38856145 2930.79450415 22
3778.24272845 2841.35986415 44
3715.91582945 2679.78153415 50
3498.11529945 2786.29334415 35
3660.27869145 2807.25808415 10
3654.32215845 2792.48344415 14
3639.21538245 2796.91870415 28
3755.86257145 2767.14235415 34
3847.72700645 2620.36546415 49
3824.47905745 2674.36344415 16
3556.07665845 2341.72949415 45
3717.55946445 2599.76874415 22
3598.95828645 2699.33915415 38
3598.26260545 2668.26866415 32
3498.23806545 2595.02679415 57
3848.66273445 2393.45823415 20
3799.30666345 2387.85075415 40
3619.17816445 2392.21082415 30
3538.96047845 2423.35113415 28
3543.29832445 2363.99871415 37
3543.91311045 2384.11901415 9
3744.44010145 2269.77916415 46
3746.22608745 2256.67600415 13
3700.81730145 2198.30722415 21
3650.36351745 2174.31165415 28
3623.82264745 2088.08268415 21
3942.75058745 2042.96128415 30
3929.31627045 2024.33258415 55
3807.93889545 1951.46297415 11
3776.38638245 1952.76709415 31
4135.67953545 3232.47928415 32
4120.15497145 3235.51717415 37
4242.40677045 3246.37721415 12
4337.81224745 2917.39849415 25
4414.71601845 2698.77318415 17
4339.12555845 2358.09723415 34
4460.75083745 2683.33897415 6
3979.92683945 2669.53123415 35
3997.87356345 2676.84015415 20
4014.23618045 2679.81817415 14
4641.35869545 3222.44743415 11
4758.23486345 3321.73191415 24
4256.64584545 2148.78366415 25
4409.14664245 1845.83397415 31
4452.67389945 1870.53118415 17
4521.95350945 3254.43420415 28
4886.40653445 3236.48549415 61
4967.45502945 3209.45537415 23
4866.12578945 3191.20844415 47
4843.42726045 3193.50565415 52
4828.47573545 3186.96845415 22
4732.30031645 3088.27232415 32
4664.95016045 3121.04227415 23
4671.33284245 3139.60377415 28
4676.01037145 3152.44262415 10
4775.11889845 2833.40509415 27
4799.53006845 2844.78600415 67
4808.29463845 2871.20507415 45
4772.99313945 2903.06527415 43
4722.84515845 2846.96410415 25
4525.34266145 2817.39805415 30
4613.00371545 2785.52988415 19
4596.36496245 2781.98234415 17
4647.79666945 2761.01917415 9
4773.81874745 2788.45453415 11
4788.72637545 2743.72794415 42
4727.98821445 2707.38988415 12
4761.42238045 2700.71244415 17
4933.43019845 2721.62450415 33
4909.34561145 2608.67694415 39
4876.82641345 2586.17777415 19
4821.25618245 2590.26304415 36
4963.82590245 2349.71502415 31
4612.64725145 2403.14051415 25
4636.92272945 2384.76755415 70
4579.08871145 2321.19493415 18
4631.00981445 2266.17333415 47
4792.45091445 2298.69872415 48
4821.17203645 2190.80626415 18
4645.04271345 1997.99280415 42
4764.62151545 2024.88773415 17
4757.73353045 2015.98457415 22
4763.82980245 1993.57634415 5
4842.49784445 2073.99694415 12
4834.98081745 2016.91435415 11
4843.22515645 2002.36058415 52
4965.68824345 1866.61023415 20
4883.34903745 1885.64035415 40
4889.26743045 1869.52600415 25
4854.36751745 1861.64365415 32
4821.23874345 1848.43353415 16
4795.51236445 1842.31554415 18
4780.85398945 1838.92004415 23
4770.08886545 1853.24764415 13
4742.56631345 1866.31602415 23
4766.90647845 1824.29001415 11
4745.27838145 1801.54512415 12
4616.40146145 1771.72604415 9
4729.52658045 1743.34368415 5
4801.67133945 1668.99605415 12
4792.60517145 1680.75520415 33
4779.35657045 1694.05011415 21
4781.07770445 1660.34161415 21
4734.02181445 1677.56210415 9
4911.99691645 1517.72787415 40
4889.69632545 1459.75645415 21
4827.91979845 1502.44441415 29
4646.98720845 1023.06735415 45
4635.72318645 1036.43399415 15
4718.84447845 1074.82319415 21
4700.27986945 1069.15685415 70
4723.95147845 1037.37526415 58
4747.43129345 966.878344154 49
4665.48406145 873.016664154 12
5039.00028445 3323.93508415 18
5037.55139945 3311.08028415 10
4981.91458845 3242.75337415 18
5002.46286445 3262.49192415 25
4992.36363045 3256.15540415 8
5038.01192445 3259.28737415 25
5019.51680645 3238.06824415 34
5042.32536245 3228.51095415 21
5065.08088745 3209.15914415 18
5140.92515245 3307.70330415 24
5153.46643945 3294.73977415 14
5140.16084145 3324.83341415 9
5127.59327245 3279.96827415 22
5110.32705445 3273.29159415 10
5121.37050845 3294.30690415 6
5111.40267045 3286.57516415 28
5223.06137445 3161.05010415 44
5077.89440045 3185.68334415 49
5024.88977045 3186.25625415 35
4993.63741845 3178.86099415 32
4983.28700945 3144.91334415 17
4998.10126445 3149.23323415 13
5000.34269945 3137.79982415 29
5024.91268145 3138.07328415 11
5012.97485945 3064.90437415 65
5191.00263845 3086.78449415 37
5237.97718745 3068.30871415 6
5225.60200445 3046.79722415 32
5042.76982545 2967.38336415 25
5023.82048445 2954.51319415 9
5008.04848645 2922.77196415 24
5004.21770545 2903.34923415 36
4986.51540845 2898.90485415 22
5030.58257545 2897.06449415 25
5000.55217345 2852.11397415 59
5087.05310645 2864.29360415 53
3082.64075345 3818.18431415 20
2988.71107745 3721.36542415 6
3098.96457345 3820.71856415 35
3130.42042745 3796.44247415 31
3183.26057345 3733.15229415 24
3199.13107045 3721.91904415 43
3318.73845145 3833.28093415 31
3294.96068345 3570.51286415 14
3030.66075845 3694.02832415 58
3166.88975345 3541.36205415 36
3159.78332245 3508.27608415 61
3141.56039845 3505.68682415 13
3196.18180545 3474.87448415 21
3249.64094445 3470.37637415 51
3276.28971245 3488.87217415 44
3398.57554445 3386.71924415 25
3325.84466945 3345.75717415 28
3240.76962345 3423.77800415 36
3220.26535745 3410.21035415 37
2613.97605245 3633.04270415 14
2496.13727345 3761.62162415 10
2560.74605145 3753.16116415 34
2509.50411245 3702.60561415 37
2651.81992145 3740.64887415 8
2686.02292345 3799.84994415 22
2721.25521445 3759.99737415 24
2740.09597945 3763.33833415 14
2955.94611545 3711.91742415 32
2900.02338645 3707.81898415 16
2744.95858745 3683.69408415 30
2731.93968045 3662.43827415 99
2672.52569945 3680.63333415 42
2693.97104645 3611.71746415 83
2665.76456145 3618.41027415 41
2559.65449545 3557.30612415 3
2710.01829245 3515.81276415 21
2959.24826945 3532.28193415 32
2895.15671145 3428.67181415 11
2718.57148345 3275.86984415 43
2720.74688145 3291.80437415 38
2747.83030445 3248.71890415 39
2635.21195645 3091.09397415 15
2616.70060545 3111.61158415 41
2606.50254245 3094.72027415 29
2769.53324745 2937.47631415 60
3250.47012345 3284.63404415 33
3230.37370545 3294.07855415 39
3226.24815545 3267.86453415 109
3331.82646045 3320.03990415 76
3355.67640145 3304.34239415 32
3388.94466445 3260.84614415 34
3418.71051745 3270.12358415 46
3442.16280145 3298.74491415 32
3376.17364045 3222.58319415 37
3284.33638345 3164.60227415 73
3256.81133345 3167.15050415 32
3198.62984845 3219.41434415 45
3178.00159845 3215.29154415 37
3074.32550745 3131.28318415 33
3216.70119945 3110.03536415 28
3246.45525945 3129.36163415 23
3290.51895145 3003.84774415 53
3139.76208545 2994.17814415 72
3048.97502945 2954.07765415 70
2973.55880445 2957.50940415 32
3013.56821545 2918.07333415 33
2979.51735845 2914.42535415 5
3033.01342645 2876.50780415 23
2503.13330345 2954.35264415 69
2856.46854145 2876.66016415 87
2844.78711345 3067.97726415 17
2903.08413445 3063.32450415 16
2938.27190545 3039.33227415 24
2990.32898945 2586.67644415 18
3044.61926245 2755.16798415 21
3351.55986545 2622.38099415 41
3085.34413745 2696.95495415 11
3326.43840445 2362.67720415 28
3397.46300445 2348.87363415 45
3394.41870345 2333.34064415 21
3381.40862945 2335.21008415 9
2263.28728945 3679.17859415 7
2125.81012145 3449.20928415 18
2147.71266245 3456.74913415 16
2151.82556045 3505.16574415 78
2229.46864845 3592.53974415 8
2284.36613745 3572.44509415 19
1964.70033045 3579.86283415 19
2205.65340045 3640.19755415 50
2208.39620545 3678.36501415 24
2371.49994345 3636.27400415 10
2423.68671945 3740.88766415 13
2399.50581845 3824.32537415 21
2249.04856845 3803.33525415 48
2314.17643345 3390.61613415 21
2072.27580745 3458.27869415 13
1973.13103445 3506.47780415 24
1961.82262045 3514.60340415 9
1992.01948145 3386.79162415 58
1968.65242945 3464.95238415 26
2099.16367945 3397.43074415 35
2190.02421645 3358.13781415 22
1985.13485145 3271.11944415 23
2662.94194345 2784.02231415 18
2647.64188745 2780.23914415 38
2635.35282045 2768.32377415 38
2274.06783345 3106.87845415 40
2192.40904345 3064.60296415 66
2287.93740745 3129.21920415 28
1963.00966445 2870.40128415 103
2017.63799245 2952.05394415 63
2032.65172045 2985.45364415 37
2052.71765045 2980.48925415 57
2181.57101345 2913.53522415 67
2442.04519745 3083.04259415 53
2110.54442845 3005.69284415 34
2160.80255845 3013.44351415 33
2065.55076745 3044.19639415 54
2145.34840345 3146.02374415 35
2362.66212345 3166.30259415 6
2423.28870645 3280.72960415 21
1967.11440145 3230.46112415 75
1996.04582845 3286.60427415 38
2030.10099545 3279.11437415 62
2918.90347845 2805.36963415 49
2917.39047945 2728.30074415 25
2940.36742645 2685.46600415 64
2876.82195945 2623.06977415 60
2789.62380245 2682.91059415 17
2826.67571245 2662.32900415 53
2738.37562245 2629.02463415 75
2664.80951545 2702.62432415 57
2590.35893345 2631.33337415 99
2555.89771245 2613.91132415 30
2552.48286645 2593.49013415 31
2659.10760145 2518.99549415 40
2660.23087945 2482.76196415 55
2782.39678745 2455.65046415 51
2951.09239345 2429.21329415 66
2584.49834445 2422.56103415 7
2961.96588145 2258.16821415 57
3002.02987445 2253.84829415 26
3214.27974145 2210.78455415 76
3286.62477345 2271.53001415 54
3338.34076545 2319.07775415 72
3410.25353345 2202.40929415 24
3394.79651645 2180.81150415 19
3295.38443745 2093.87874415 69
3256.18734345 2083.93200415 88
3055.96466845 2150.06129415 49
2985.59825745 2075.91053415 60
2986.39021645 2029.16709415 65
3044.78460745 2001.99911415 53
3156.18709645 1977.74389415 61
3293.87895445 1973.06198415 34
3362.67092645 2058.37109415 43
3354.28654945 1905.73836415 12
3357.35424245 1931.21214415 43
3271.85993545 1853.67555415 22
3215.84664745 1927.56580415 14
3214.38299845 1899.18053415 39
3133.24060045 1934.22540415 26
2828.04009745 2164.71087415 73
2890.32604145 1903.20027415 37
2591.79223145 1966.40450415 17
2511.35439645 1834.34631415 18
2537.16113245 1856.50439415 33
2567.13648245 1900.52512415 38
2542.56591545 1912.21347415 57
2548.68202345 1889.02595415 24
2584.18962545 1916.85067415 38
2618.41929445 1856.46654415 13
2755.36986445 1860.53632415 13
2807.56635245 2042.23769415 53
2764.17924145 2074.45045415 14
2688.83346545 1955.92146415 31
2730.35653245 2056.58528415 40
2650.49684445 1967.51653415 37
2555.35477845 2010.34605415 47
2602.20681345 2056.86300415 15
2529.32227345 2111.21439415 58
2878.06178645 2159.37138415 30
2848.12741045 2290.70682415 44
2592.98814845 2274.51479415 18
2602.01208645 2289.27941415 66
2375.81850345 2630.49164415 7
2263.79865945 2354.95986415 78
1811.59793945 3599.48267415 25
2094.64075345 2824.06742415 48
2121.10096045 2723.66189415 25
2228.15445345 2742.79611415 40
2193.24652145 2641.95084415 11
2206.15840045 2654.03472415 25
2187.49911745 2656.20988415 41
2131.27629345 2662.20489415 29
2125.26501945 2649.91238415 24
2134.93429945 2613.74998415 38
2122.92482045 2598.87853415 61
2049.46505845 2513.80020415 46
2085.52407045 2466.94468415 39
2257.75249245 2515.45909415 21
2275.71467045 2484.65529415 49
2117.23751545 2572.20871415 27
1497.87136945 3761.30678415 68
1580.86707145 3775.89869415 25
1561.42501345 3719.84746415 31
1615.45253645 3709.83161415 51
1600.72890945 3732.71781415 52
1725.66435345 3708.16451415 32
1764.89742945 3723.64588415 52
1837.19241745 3607.67894415 41
1793.14381845 3676.34327415 31
1801.56199645 3662.02604415 5
1908.57358445 3427.96898415 65
1915.40441945 3367.89579415 78
1667.03083745 3467.59268415 122
1566.80613745 3450.52667415 89
1504.41379645 3342.19973415 59
1540.28773445 3350.20163415 54
1552.18128945 3374.56176415 48
1646.00899545 3424.63950415 84
1727.19627745 3368.53908415 34
1801.50832445 3437.39211415 73
1894.43126145 3420.22038415 7
1910.64978745 3494.29670415 45
1880.06177545 3464.99966415 48
1857.32765745 3483.12491415 27
1672.92014245 3517.74136415 127
1632.72803545 3550.67321415 64
1534.81879945 3513.40576415 40
1500.03233345 3586.13177415 83
1584.16706545 3662.91389415 20
1595.80713845 3667.51259415 24
1707.52461545 3593.26207415 23
1690.02139545 3629.37381415 55
1686.64436545 3661.13448415 21
1777.49672045 3594.11891415 31
3289.95126045 1810.38513415 51
3293.70608645 1690.39943415 10
3455.51373145 1684.30381415 29
3433.42104045 1737.27416415 29
3397.35633145 1801.76131415 34
3329.16694845 1731.53628415 46
3341.55718645 1744.47553415 12
3335.31416845 1793.93733415 33
3310.53781645 1774.73783415 13
3295.09165245 1826.59197415 16
3276.87630145 1822.07254415 21
3011.00505245 1751.52342415 32
2975.96233045 1647.17388415 29
3252.21361945 1619.52087415 59
3249.91162145 1659.99529415 45
3229.25135145 1699.62398415 60
3198.19974045 1687.54406415 29
3135.09359045 1672.04865415 42
2965.66207845 1569.69842415 65
3027.69607345 1535.64985415 36
3236.69138245 1482.57651415 40
3271.45422245 1468.96277415 65
3276.62933245 1496.46732415 31
3393.87355845 1453.25469415 17
3066.08304645 1392.54998415 22
3081.82048845 1391.41144415 11
2999.77473145 1469.81317415 21
2972.35311645 1470.50158415 10
3077.87205345 1501.76644415 23
3098.04438045 1494.81291415 34
3339.76456845 1588.97760415 62
3507.07696345 1705.11263415 36
3678.31340745 1540.70381415 25
3571.49187245 1605.23985415 18
3512.99871845 1609.78857415 29
3535.72943345 1574.31094415 22
3537.11361245 1545.94231415 28
3500.60289345 1497.50536415 34
3521.72656945 1483.27396415 34
3589.43851045 1547.77822415 70
3877.19645745 1255.97019415 17
3834.64836645 1194.92718415 15
3846.55308745 1213.47267415 19
3746.37175945 1497.32486415 31
4384.29951545 1698.27657415 10
4942.11124745 3574.99091415 32
4940.38512645 3530.57765415 42
4829.60890045 3513.31954415 47
4796.36467345 3520.83071415 25
4770.91382045 3554.49662415 29
4753.48295145 3474.26435415 26
4832.69367545 3372.41384415 38
4886.55577045 3426.68475415 32
4963.83841245 3412.05715415 15
4935.03871145 3371.85334415 18
4908.83681045 3486.20275415 19
4906.89140445 3470.97527415 20
4854.18519645 3476.71404415 18
4968.42915945 3486.80356415 15
4975.66457145 3581.60350415 38
5023.10361645 3592.48987415 36
5034.84438145 3601.96426415 18
5025.85783345 3540.55003415 38
5082.38851545 3443.21595415 16
5199.60197345 3453.21429415 39
5039.54840345 3558.21749415 11
5098.38968345 3590.30708415 33
5102.46493145 3579.79098415 10
5088.66628345 3514.76995415 21
5010.69473545 3533.59199415 17
5029.73331645 3503.47622415 20
5045.00114845 3498.42209415 8
5055.25874745 3500.22256415 16
5066.98967345 3491.41211415 35
5055.07617245 3470.81576415 29
5057.66770945 3583.47390415 12
5066.06221945 3563.71413415 9
5107.77336645 3472.66104415 40
5010.70056845 3431.14072415 43
5033.05071645 3432.86419415 30
5056.87721345 3442.01171415 9
5045.02266445 3430.30348415 19
5055.26442645 3422.83909415 31
5068.97877945 3427.67811415 27
4996.14542645 3376.39194415 25
5005.55853245 3357.45002415 56
5026.82535245 3369.48518415 10
5053.78945045 3365.73742415 19
5098.17898945 3389.64101415 12
5116.76951945 3356.50706415 30
5132.48143045 3375.04876415 7
5132.78650745 3386.61182415 21
5143.99915545 3353.97352415 33
5160.62032245 3367.49739415 29
5128.07271445 3406.24570415 41
5235.17284845 3475.91986415 45
5232.22862045 3422.85859415 38
5205.30316045 3400.63122415 58
5161.53269545 3414.08536415 51
5161.22483345 3438.03189415 37
5230.03097045 3374.55506415 46
5200.72777045 3366.29588415 60
5179.15977945 3389.42955415 26
5246.38401945 3435.68210415 8
5095.39417345 3523.04427415 11
5042.47098545 3532.06968415 22
5114.56026945 2603.71220415 10
4988.74227745 2826.05762415 11
4994.74360645 2812.20711415 33
5041.73560345 2764.40403415 12
5073.76730745 2794.21064415 19
5084.91200845 2540.86286415 27
5127.77235545 2568.25717415 49
5148.04934145 2576.55709415 48
5374.32085645 2531.71241415 15
5165.73725945 2486.08765415 26
1095.53512345 3685.88978415 30
5051.81310945 2413.63861415 37
4985.41523345 2398.95136415 22
5047.39319945 2329.51858415 37
5253.95149845 2366.91144415 42
5311.30298245 2315.87687415 23
1164.37544945 3764.75176415 38
1175.13427845 3747.13164415 7
1195.77147045 3734.86707415 26
1151.60874245 3706.81002415 20
1398.55640945 3707.37825415 43
1408.91805045 3688.21432415 65
1337.60184045 3720.98448415 14
1377.38374645 3678.70753415 51
1412.78750745 3645.14106415 40
1442.43534245 3643.28779415 28
1442.24484945 3665.82843415 21
1351.72962145 3620.32663415 54
1381.83287245 3591.84799415 26
1394.12341345 3585.71731415 14
1417.97224645 3582.88639415 60
1455.25769745 3567.90935415 101
1386.55826345 3427.81354415 65
1364.88750045 3441.02396415 11
1365.90499645 3387.71846415 78
1472.85778745 3319.69917415 11
1474.06136345 3336.10392415 8
1396.01816845 3312.35795415 48
1416.35990245 3333.06709415 51
1438.52639745 3338.58199415 28
1308.92770545 3431.81281415 55
1292.32770845 3419.72514415 35
1248.92198645 3415.11237415 56
1223.11019745 3361.19230415 20
1088.49152545 3403.66407415 37
1626.45953045 3291.60120415 61
1108.67027145 3426.08741415 16
1077.98672745 3580.12866415 55
1263.65798745 3505.02035415 47
1297.78833745 3514.68118415 25
1192.53915145 3612.96175415 26
1301.43282345 3615.57091415 8
1513.56049745 3246.94868415 40
1669.12820345 3308.27615415 39
1725.47073745 3281.02705415 15
1700.41591845 3216.08033415 60
1842.34256045 3278.71788415 22
1859.31263545 3255.56907415 15
1883.76417545 3239.35106415 55
1803.90818945 3152.75977415 70
1864.86162845 3158.88860415 53
1828.71027345 3145.61917415 60
1805.10680945 3111.26151415 42
1696.03596945 3136.79308415 73
1650.81945745 3110.03373415 20
1603.79920445 3151.60477415 45
1557.63088145 3146.68624415 47
1538.66553845 3165.43198415 83
1523.82699745 3098.26568415 21
1507.63136045 3104.54687415 28
1565.83699045 3045.21289415 96
1630.17278145 3048.65428415 35
1673.90291645 2995.37342415 11
1674.69578845 2952.13231415 33
1824.57969945 3060.88581415 46
1866.42086345 3072.88594415 34
1937.55689645 3007.85918415 69
1932.03955545 2947.97335415 7
1925.78842245 2962.96452415 40
1523.28468345 2976.17463415 44
1677.37441145 2840.21875415 18
1506.23199745 2880.28002415 53
1566.59158345 2850.68169415 106
1536.50997045 2826.80695415 30
1474.77312245 2841.73483415 55
1480.39326045 2825.21018415 3
1592.06853945 2718.13357415 32
1589.10732245 2784.62887415 47
1710.66689645 2751.38208415 62
1869.26308945 2620.45955415 41
1506.40096045 2548.35752415 89
1476.69225145 2563.80912415 14
1624.88352245 2538.57685415 63
1724.78420345 2548.38682415 67
1916.37790945 2518.01903415 70
1916.93293145 2486.25443415 95
1641.01278145 2435.71739415 93
1507.43103945 2356.56621415 44
1584.80598045 2341.74214415 42
1621.57474145 2360.82373415 36
1681.39048345 2346.93992415 29
1891.95388645 2380.53922415 46
2148.47045745 1847.78872415 29
2109.46682045 1843.42499415 35
2309.82835945 2304.94352415 57
2421.25955645 2330.59537415 30
2427.77995245 2226.59044415 38
2295.14662945 2047.10457415 86
2302.51996045 1992.99740415 21
2094.67986345 1979.91707415 42
1987.68973545 1872.83639415 26
2035.77632345 1853.54060415 8
2065.90553245 1897.34663415 19
2059.99998045 1851.67933415 29
2292.79365545 1886.41163415 54
2439.94763745 1868.66480415 57
2445.18340445 1852.79823415 17
2426.11638745 1851.37716415 36
2407.78342545 1849.83110415 46
2368.43033545 1879.66008415 44
2741.10931545 1739.23775415 10
2936.37891745 1760.50738415 62
2899.06318645 1667.55598415 27
2945.88056645 1613.51417415 52
2835.69644945 1591.50513415 16
2820.58096445 1593.78798415 35
2605.08943645 1704.68247415 46
2599.68664845 1645.29839415 41
2500.68522845 1682.90774415 78
2529.69278245 1615.76790415 113
2533.62472345 1575.17388415 70
2623.91750045 1591.39532415 40
2650.33088945 1582.44187415 34
2822.16181145 1510.05528415 24
2756.98771645 1482.74940415 32
2651.56061145 1386.14147415 33
2578.19208245 1455.17688415 55
2575.50015245 1360.01194415 43
640.833324452 3827.35489415 39
635.596910452 3802.08388415 16
654.387740452 3783.94542415 24
671.060809452 3733.84861415 61
709.697703452 3748.12381415 41
752.341916452 3805.86291415 15
591.014996452 3703.32778415 57
820.557637452 3810.81669415 28
805.928901452 3784.54306415 38
775.638913452 3760.47864415 15
792.607516452 3749.84965415 42
785.825778452 3772.24292415 53
867.701030452 3795.78054415 16
898.326005452 3803.95306415 19
931.669758452 3770.37157415 53
920.872255452 3834.01824415 30
862.227643452 3729.82120415 69
773.080741452 3713.17770415 60
831.093999452 3640.39929415 23
710.677526452 3704.19335415 73
701.866630452 3684.14040415 38
719.013351452 3678.05318415 26
691.316474452 3649.01819415 30
668.193086452 3645.90389415 60
622.919878452 3641.17961415 76
661.487786452 3597.83174415 38
802.646657452 3518.06719415 22
820.391713452 3615.73375415 113
757.710925452 3543.18277415 69
809.432110452 3493.00101415 54
1105.36013545 3212.09390415 8
1087.70676545 3202.99467415 27
1083.33008845 3218.13968415 20
1060.74321445 3190.43176415 45
1291.93313745 3175.15180415 70
1265.64981845 3193.59177415 34
1409.57337645 3209.05399415 57
1461.54418145 3216.96658415 42
1389.56917845 3241.38923415 55
1329.84856445 3264.69526415 67
1248.89996445 3321.99560415 16
1180.15494345 3323.65039415 45
1110.23955745 3292.26702415 47
863.919427452 3437.03646415 54
849.830358452 3454.13110415 38
1166.79143845 2984.43767415 29
1015.82755745 3163.55743415 13
1021.37595445 3147.14715415 58
993.106615452 3083.34617415 33
1117.58304445 3126.16032415 48
1332.93301845 3041.76242415 68
1432.59595445 3038.09966415 47
1318.76313045 3005.49465415 48
1286.75870245 2924.90975415 33
1268.45723545 2908.70880415 70
1219.01314445 3010.12277415 73
1189.43850445 2959.41004415 50
1328.77098245 2891.02035415 113
1055.30143945 3011.13152415 54
1394.15675745 2889.95284415 53
1362.00892645 2840.39448415 60
1309.91886245 2863.56146415 37
1317.67472445 2843.21589415 30
1065.50051545 2823.71482415 18
1053.73579445 2834.68433415 52
648.640741452 3328.61090415 18
522.164131452 3232.56827415 33
964.337302452 3320.76142415 37
934.196798452 3320.97987415 38
932.291892452 3225.24589415 46
847.850340452 3216.82387415 106
645.833614452 3226.23239415 38
776.611202452 3175.41291415 77
928.854626452 3139.33397415 12
951.914307452 2893.87286415 80
769.231468452 2866.08684415 38
682.981375452 2916.91086415 56
655.136380452 2908.46392415 36
642.684256452 2881.56176415 49
617.663233452 2878.65221415 56
585.820647452 2859.60721415 58
496.842304452 2915.59660415 44
512.285974452 2947.08349415 11
532.461960452 2956.37505415 52
504.240837452 2961.73566415 44
497.671122452 2975.63130415 13
517.860026452 2980.00802415 47
651.089343452 2994.19353415 23
665.349620452 3016.86368415 60
506.108252452 3046.55013415 118
771.508028452 2941.12744415 55
827.064071452 2927.24330415 24
905.149428452 2946.46934415 53
881.403823452 3073.63501415 96
600.925034452 3080.86772415 45
715.839343452 3128.61156415 43
546.071499452 3142.12089415 28
1043.82356845 2766.19655415 44
1027.00130445 2610.03264415 15
1331.34893845 2585.54220415 29
1450.76890045 2719.27951415 94
1239.66471545 2804.95446415 61
1167.33739445 2816.05142415 91
1098.97325845 2818.75495415 27
1005.53754145 2775.81454415 31
1162.92533745 2506.71104415 25
1336.74923745 2422.56351415 30
1147.64677545 2706.75875415 37
1814.45343945 2246.35885415 57
1841.46223545 2328.15384415 66
1913.83546945 2310.88383415 20
1830.92115145 2165.28626415 21
1648.26455145 2095.69648415 59
1578.20500745 2165.26372415 117
1558.99016045 2205.29074415 26
1464.61209445 2120.44761415 60
1893.50999145 1836.08095415 30
1989.06468845 1763.26405415 72
2436.20270045 1732.90561415 50
2106.85544545 1690.16513415 4
2078.24855345 1680.21015415 54
2070.00413745 1712.31042415 24
2206.04954945 1678.24855415 59
2228.52487845 1687.46380415 52
2263.92356845 1630.59294415 37
2362.49398245 1603.68549415 15
2361.41071645 1619.46967415 42
2426.25680745 1609.52990415 46
2439.41654845 1821.20536415 8
2364.40685345 1715.42315415 56
2257.15732645 1753.29730415 23
2240.50281045 1754.08143415 27
2266.37732745 1813.88541415 68
2046.77961345 1607.78661415 58
2266.29359245 1399.41932415 54
1974.04663445 1658.68893415 20
2089.97633745 1544.71881415 55
2174.47822145 1600.07209415 9
2161.61156545 1575.87825415 39
2183.94876645 1569.14857415 45
2186.32182345 1505.90105415 52
2218.01506545 1483.52996415 14
2264.32323145 1570.56613415 25
2248.66544745 1570.34577415 27
2275.27102845 1532.29757415 24
2366.82930645 1523.79986415 16
2426.74232245 1554.89670415 47
2437.22807445 1429.65683415 37
2333.38016345 1413.66853415 39
2214.88827845 1401.75469415 25
2007.73493645 1338.79571415 28
2343.08918845 1399.28865415 16
2291.93808345 1364.48470415 41
2156.06875345 1623.31006415 12
2485.89059645 1263.46618415 30
2559.79475445 1274.46794415 45
2577.45711245 1327.08348415 21
2586.15051445 1196.22085415 48
2506.16919145 1043.15103415 54
2462.07362545 1093.65181415 34
2660.87594045 1051.20047415 75
2615.98214245 1006.92910415 32
2690.72583245 1035.23271415 33
2773.53374345 1086.31114415 21
2768.21292445 1056.17199415 9
2903.87482345 990.675624155 32
2860.01791245 997.940344154 17
2597.46650345 913.691424155 48
2583.79776645 853.090634155 32
2519.24229245 837.368824154 15
3048.55831245 643.825164155 32
580.654793452 2763.74552415 38
357.508003452 2919.04346415 18
400.499934452 2900.81656415 38
373.168109452 2868.65815415 48
254.545861452 2929.41275415 22
397.339726452 2959.02706415 93
752.535577452 2681.38968415 15
528.890896452 2726.81355415 44
468.457187452 2739.77853415 30
465.002677452 2753.25676415 17
632.578577452 2805.33457415 43
659.435155452 2786.06034415 63
724.449568452 2731.77896415 41
613.072746452 2724.62281415 47
665.073177452 2739.12003415 33
656.791926452 2715.49519415 57
773.476942452 2791.39006415 43
654.959470452 2757.14427415 13
803.383276452 2793.39444415 31
739.648191452 2788.31065415 12
874.591653452 2812.47191415 81
929.663869452 2825.52524415 53
642.344201452 2670.24966415 47
642.969933452 2550.70100415 59
482.447825452 2496.35208415 49
468.053586452 2679.03104415 39
481.704598452 2624.29854415 47
477.271445452 2544.52823415 60
546.653934452 2578.07534415 63
546.436947452 2558.95190415 25
522.171552452 2609.21793415 22
522.837866452 2595.47519415 17
763.031450452 2529.11696415 21
842.235593452 2510.24888415 53
871.025314452 2568.21858415 51
921.590862452 2532.76452415 54
854.866938452 2411.03562415 64
793.013760452 2381.20828415 54
656.741803452 2380.74722415 28
534.838237452 2357.34533415 53
1031.87541845 2282.05904415 83
1212.29105345 2305.39309415 26
1208.46433045 2285.21443415 56
1308.56254945 2265.43847415 33
1334.55590145 2293.62579415 66
1421.39165245 2112.20373415 58
1035.86597245 2107.81498415 15
969.986325452 2099.49885415 52
1183.49907945 1915.82414415 31
1035.01275845 1896.54623415 57
1059.48804145 1869.77360415 17
991.960251452 1999.81429415 50
964.283919452 2052.41499415 32
1645.10274545 1815.13574415 47
1702.07526345 1767.85279415 29
1755.34150445 1369.57408415 20
1842.63394745 1804.24956415 55
1930.47879545 1737.24392415 40
1904.49649745 1715.35913415 28
1852.11833445 1697.95659415 41
1557.03466245 1632.98850415 51
1679.12618945 1607.91969415 41
1798.03730245 1569.74384415 40
1851.45143545 1583.27645415 26
1799.25230245 1640.84240415 25
1915.00768045 1568.88810415 35
1966.21265245 1569.05283415 18
1892.66695345 1495.39636415 43
1951.57914645 1557.67105415 40
1931.88488145 1447.94971415 64
1884.25411845 1445.39776415 56
1790.44822845 1426.17911415 36
1831.46916245 1418.71901415 60
1809.91763045 1458.94717415 38
1790.16954245 1464.99648415 25
1770.72709845 1468.12053415 43
1661.74518845 1446.96638415 23
1676.15453645 1494.11352415 68
1613.18380745 1398.80591415 14
1561.80215245 1424.80210415 38
1524.96343045 1413.27697415 35
1525.48340845 1368.97016415 17
1523.69560145 1316.83596415 22
1698.12219445 1355.95643415 20
1749.70310845 1343.74884415 23
2202.00441245 1101.74827415 23
2386.34901245 1275.05686415 26
1984.18153945 1280.13611415 65
2008.93510545 1230.37359415 28
2105.29160245 1232.02901415 17
2236.40519845 1287.62085415 17
2309.98561245 1290.83161415 60
2365.14426645 1323.23011415 40
2295.52049445 1199.98681415 34
2255.17511245 1196.64097415 55
2086.76001245 1179.18168415 28
2041.43044745 1143.75948415 19
2231.33057245 1112.56157415 22
2406.64041445 1110.89673415 32
2389.77391045 997.872214154 45
2401.93543745 945.732584154 34
2303.41610845 910.926424155 35
2232.18631845 845.885664155 22
2345.57695245 841.928294154 61
2126.41899345 1316.71260415 53
2417.24490745 820.574894154 49
2405.76486545 761.099024154 32
2345.48670945 744.256584155 17
2247.09661645 679.203464155 35
2678.70101145 789.128584155 17
2213.94117445 803.916514155 31
2260.66124845 737.848164154 10
2260.44337345 723.000014154 31
2175.40625845 732.449374155 13
2303.16432745 683.533944155 11
2326.02215345 684.546564155 6
2312.97349645 689.674094154 11
2468.93790045 506.804704154 32
2464.60962045 489.186774155 27
2828.83994945 819.458374155 65
258.105446452 2762.06110415 25
2868.54954445 748.836714154 21
2786.43773245 664.771204154 76
2762.26992545 637.338294154 43
2605.44797445 685.718634155 41
2627.58168045 639.271994155 53
2594.22028245 582.464444155 55
2659.71564645 580.645484154 43
2656.68047545 547.749924154 67
2681.39770345 550.792814155 62
2721.04870145 494.447544154 41
2754.91378945 475.047364154 64
2619.97849845 498.457074155 26
418.850954452 2815.82859415 10
434.017645452 2779.02302415 49
396.544329452 2786.66995415 50
378.988850452 2768.45197415 84
283.281364452 2784.51281415 35
244.160523452 2777.74992415 25
455.040884452 2646.79696415 25
327.834005452 2554.61948415 30
379.279161452 2546.53125415 59
274.308241452 2714.59259415 16
289.745054452 2664.00112415 62
289.112767452 2641.85434415 49
386.831744452 2703.72345415 13
449.449603452 2694.22964415 27
402.998039452 2714.59847415 10
422.395614452 2685.98812415 14
440.909512452 2618.91935415 55
393.655541452 2608.11307415 37
378.580405452 2586.52042415 33
398.010809452 2629.49627415 26
335.323688452 2599.55277415 40
257.868548452 2623.97123415 30
253.397959452 2602.85068415 45
271.678376452 2609.62953415 18
301.220229452 2506.58257415 15
486.370708452 1860.24355415 43
608.747379452 1984.06341415 68
234.983227452 2708.81094415 24
531.167410452 2260.22007415 47
552.846126452 2250.15788415 54
504.779023452 2217.20530415 34
920.515890452 2117.14169415 21
752.457179452 2156.77820415 29
704.377234452 2184.22027415 15
535.122498452 2198.26446415 67
465.767045452 2212.58455415 70
491.259330452 2176.13187415 68
563.143056452 2117.95738415 43
536.195532452 2057.55738415 34
555.262692452 2080.84164415 12
654.362592452 2055.21938415 76
858.252614452 1911.40504415 74
639.245215452 1897.41353415 46
661.844429452 1895.71984415 42
606.765568452 1906.13362415 24
547.537399452 1949.22566415 45
533.481369452 1893.47288415 27
542.152543452 1833.67667415 25
852.704890452 1847.62770415 13
650.843982452 2112.00545415 9
560.350253452 1813.05152415 56
585.305410452 1825.89048415 68
298.573275452 2212.76425415 37
468.582425452 1841.66089415 39
433.586479452 1875.92091415 19
337.666128452 2257.34248415 33
312.956699452 2203.14980415 15
432.732782452 2041.03994415 20
322.314202452 2019.33297415 40
286.844832452 2080.90625415 28
347.222316452 2057.13688415 32
305.002781452 1960.84542415 64
287.654072452 1946.67466415 24
301.912144452 1929.38515415 41
339.923393452 1927.40503415 46
369.113028452 1962.26250415 42
340.985802452 1949.06666415 15
374.684609452 1990.13667415 49
394.300452452 2003.33919415 13
399.919923452 1994.95859415 23
428.263032452 1953.85260415 39
444.069215452 1981.95974415 28
465.494502452 1977.21925415 54
460.139571452 1950.17740415 34
103.115289452 1875.53886415 21
113.106945452 1907.57969415 6
121.461255452 1917.78930415 24
386.450437452 1867.86930415 12
451.104211452 1847.91075415 28
438.545750452 1846.66660415 9
471.754080452 1824.22840415 14
1014.93280645 1562.89226415 17
1324.74196345 1482.46746415 58
1219.16713845 1475.78192415 40
1182.47595645 1430.04667415 32
1170.55648945 1479.67109415 16
1130.02537845 1457.65923415 32
1130.33375945 1483.34281415 62
1017.24740345 1453.99426415 23
1046.21956945 1491.71694415 53
1002.43062045 1524.26001415 40
978.284458452 1621.58953415 69
1029.91120345 1577.51994415 55
1085.41271845 1554.82668415 22
1070.41854145 1596.33695415 12
1242.68004745 1572.42866415 52
1236.76543245 1605.89335415 56
1281.80504545 1596.36472415 48
1394.30707545 1602.43595415 46
1387.60710045 1642.24507415 31
1221.16256445 1810.97122415 106
1131.45504445 1730.79851415 37
1094.50650445 1789.23556415 35
1063.84179445 1808.15325415 30
1413.09436645 1370.66682415 11
1370.40188345 1366.10230415 40
1353.69411745 1385.25632415 47
1149.46763645 1405.12903415 41
1097.36560645 1384.52735415 55
1122.31003845 1329.89191415 27
1012.89663245 1703.74512415 25
1008.86999945 1676.03460415 32
1078.57171145 1691.60066415 20
1081.96382745 1676.20358415 22
1129.91036245 1687.73512415 64
419.692275452 1776.51146415 20
481.939007452 1748.12665415 31
658.456936452 1793.54091415 59
711.209293452 1766.88073415 52
911.681724452 1795.36615415 30
964.182633452 1722.75774415 39
917.927920452 1672.13440415 19
930.527041452 1669.02800415 13
918.476680452 1648.16274415 23
824.487056452 1672.17910415 29
814.433371452 1653.14989415 22
843.885628452 1595.69600415 27
627.067407452 1655.15369415 27
645.283345452 1592.00978415 50
730.910989452 1577.95413415 33
832.675068452 1572.75543415 47
535.732129452 1640.82244415 23
519.667475452 1607.43776415 29
507.690489452 1510.10350415 31
481.397941452 1487.78040415 25
569.166872452 1479.86374415 19
575.434485452 1454.99573415 25
659.812976452 1457.33521415 34
703.479204452 1492.18015415 7
599.843370452 1519.56279415 27
588.604721452 1499.77762415 25
630.485044452 1480.14694415 32
628.578129452 1517.48924415 29
591.349051452 1564.39897415 23
492.310539452 1521.78589415 19
730.664321452 1466.20888415 27
726.071018452 1436.95252415 59
725.314056452 1418.84226415 40
705.703475452 1395.70896415 26
765.966087452 1360.33531415 12
743.230866452 1322.77559415 30
864.913006452 1399.35172415 47
931.315534452 1334.92432415 32
834.640011452 1498.20746415 35
897.369609452 1533.46740415 13
890.634593452 1544.72420415 31
673.411456452 1545.19391415 22
1061.23102145 1287.34080415 38
916.523490452 1283.03515415 53
1132.79057545 1194.77432415 61
1312.69677945 1274.83858415 48
1370.24599845 1269.33995415 23
1396.76038345 1227.36859415 28
1411.44564245 1216.89193415 50
1442.77519445 1142.18977415 29
1460.98068245 1141.62207415 17
1355.64189445 1157.89618415 17
1348.59197945 1115.82831415 39
1278.99782445 1174.83940415 25
1231.97198845 1146.79690415 56
1225.83854545 1192.41976415 23
1099.22967245 1162.14822415 33
1097.00337345 1145.01412415 38
1059.64126745 1178.18939415 35
1026.92595545 1177.79638415 53
1109.07562545 1107.16099415 49
1305.79343145 1022.03488415 29
1285.82825945 1022.84087415 16
1396.63647545 1060.29807415 34
1611.37169945 1237.73739415 23
1648.80107145 1260.08131415 56
1666.66866945 1259.27391415 31
1681.51210345 1237.87824415 38
1493.16371645 1270.96931415 24
1699.49765445 843.553464154 28
1634.82369545 875.705784154 23
1821.39909145 1019.27519415 32
1497.35202845 1077.47887415 90
1525.16403845 1144.46922415 23
1530.81592045 1163.59490415 13
1532.30969245 1185.93024415 26
1754.15358945 1183.16942415 14
1743.77546345 1199.09044415 18
1836.90290345 1264.95033415 58
1811.90787345 1266.91653415 47
1766.11934545 1254.87429415 41
1744.93350945 1259.67609415 43
1722.81111045 1285.54626415 61
1819.69615945 919.702984154 15
880.817946452 4695.63804415 9
2402.60552045 1050.84920415 4
3081.78838745 4385.44396415 29
3765.10993845 4447.08960415 10
3752.32685945 4447.69971415 16
3513.80421145 3195.28222415 5
3171.34953845 3105.76865415 1
3176.61572745 3110.94186415 7
5690.59224645 3115.72355415 19
5492.11668145 2673.69492415 11
5526.02573445 2608.08933415 11
