5267 3413 362
5524 3385 220
5403 3299 567
5455 3169 501
5604 3172 161
5511 3249 96
5598 3061 55
5604 2731 435
5425 2712 139
5360 2807 406
5321 2821 308
2968 5087 438
2933 5047 365
2927 5022 872
2817 4852 709
2720 4896 257
2855 4876 442
3046 4940 221
3010 4863 151
2996 4962 134
334 4396 388
354 4338 213
648 4366 234
610 4401 284
980 4542 182
1606 4733 264
1598 4757 198
1940 4562 255
1932 4535 139
1720 4447 368
1880 4385 358
2043 4530 300
2820 4766 449
2843 4770 205
2974 4694 389
2736 4759 333
2727 4733 173
2755 4647 314
2736 4636 402
2708 4633 124
2823 4605 305
2822 4625 61
2801 4633 1057
2922 4655 151
2888 4650 75
2914 4630 174
2929 4540 447
2820 4556 725
2687 4371 644
2718 4418 348
2753 4440 139
2769 4447 188
2765 4472 350
2828 4450 646
2843 4353 830
2865 4335 300
2952 4372 296
3027 4721 421
2993 4619 807
3005 4649 1629
3146 4530 271
3436 4348 299
3430 4324 86
3553 4500 299
3541 4470 159
3507 4499 222
3513 4477 129
3499 4457 419
3486 4431 336
3507 4429 274
3523 4393 214
3569 4383 86
3560 4376 52
3886 4362 322
299 4280 336
274 4329 260
239 4303 545
364 4234 366
415 4333 105
531 4261 482
503 4233 279
597 4231 439
704 4217 671
714 4238 393
667 4160 222
705 4176 440
735 4179 500
761 4159 357
764 4182 767
738 4120 396
783 4097 245
816 4174 158
853 4254 325
768 4064 225
790 4044 154
786 4025 415
747 4034 216
729 4041 500
750 4012 316
733 4022 170
731 4004 369
696 4027 119
662 4015 245
680 4013 234
690 4002 360
674 3956 499
719 3959 535
640 3891 374
597 3923 367
641 3949 139
591 3963 217
568 3948 529
586 3946 164
550 4013 166
696 3907 491
766 3926 86
785 3938 288
827 3932 380
800 3875 444
818 3906 446
775 3847 495
664 4062 416
826 3831 649
908 3864 488
926 3894 221
941 3883 300
956 3858 352
974 3864 272
860 3971 293
823 3984 222
917 4034 422
885 4071 298
814 4043 94
663 4128 599
994 3871 748
1010 3862 453
1539 4098 148
1554 4080 132
1556 4065 249
1552 3907 1111
1553 3929 75
1491 3953 422
1542 4004 717
1656 3995 788
1714 3956 100
1538 3842 607
1733 3907 329
1754 4060 253
1781 4086 360
1737 4283 151
1787 4276 108
1828 4306 212
1791 4295 384
1952 4227 234
2106 4248 289
2155 4240 84
2282 4228 202
2458 4270 131
2280 4179 176
2000 4194 172
2226 3960 279
2237 3974 114
2405 3976 140
2271 3910 482
2156 3983 216
2848 4180 115
1989 3936 56
1989 3851 131
2713 4214 240
2861 4117 133
2655 4053 612
2766 4149 294
2729 4162 165
2708 4111 271
2634 4048 168
2625 4040 175
2741 4089 108
2756 4075 119
2608 3911 265
2898 3978 615
2514 3868 292
2529 3855 56
2593 3878 208
2675 3907 505
2834 3850 370
3093 4040 367
3103 4024 347
3455 3965 305
3144 4233 493
3006 4017 617
3208 4042 162
3185 3995 172
3376 3941 175
3326 3966 452
3346 3924 302
3345 3851 381
3414 3901 505
3454 4047 187
3256 3872 657
3082 3938 348
3053 3869 381
3381 3902 568
3407 3871 899
3845 4129 110
691 3985 347
3512 4248 691
3754 4317 383
3821 4249 493
3868 4226 337
3892 4243 341
3921 4275 143
3810 4164 567
3845 4112 472
3729 4108 52
3728 4074 209
3767 4117 639
3796 4092 333
3762 4090 224
3604 3980 281
3580 4099 471
3527 4105 445
3485 3997 343
3536 3999 239
3602 4065 127
3594 4055 212
3625 3964 245
3652 3980 133
3624 3986 100
3835 4055 70
3823 4061 112
3696 3958 276
3697 3979 164
3711 3850 197
3656 3887 247
3558 3887 322
3478 3918 358
3695 3660 206
3669 3664 581
3651 3673 269
3524 3761 343
3684 3717 285
3632 3571 213
3670 3393 310
3536 3674 472
3837 3446 131
3691 3475 173
3716 3423 664
3503 3438 689
3504 3401 42
3510 3393 174
3899 3428 115
3564 3263 209
3477 3284 771
3684 3309 624
3516 3049 672
3909 3099 288
3892 2930 227
3778 2841 445
3715 2679 500
3498 2786 355
3660 2807 105
3654 2792 149
3639 2796 281
3755 2767 343
3847 2620 490
3824 2674 169
3556 2341 453
3717 2599 220
3598 2699 381
3598 2668 327
3498 2595 574
3848 2393 200
3799 2387 405
3619 2392 301
3538 2423 283
3543 2363 376
3543 2384 94
3744 2269 468
3746 2256 134
3700 2198 214
3650 2174 287
3623 2088 219
3942 2042 305
3929 2024 556
3807 1951 116
3776 1952 312
4135 3232 329
4120 3235 376
4242 3246 120
4337 2917 256
4414 2698 170
4339 2358 348
4460 2683 63
3979 2669 355
3997 2676 209
4014 2679 143
4641 3222 114
4758 3321 245
4256 2148 256
4409 1845 310
4452 1870 175
4521 3254 284
4886 3236 611
4967 3209 239
4866 3191 470
4843 3193 528
4828 3186 229
4732 3088 325
4664 3121 238
4671 3139 287
4676 3152 106
4775 2833 272
4799 2844 673
4808 2871 459
4772 2903 430
4722 2846 253
4525 2817 300
4613 2785 199
4596 2781 170
4647 2761 91
4773 2788 119
4788 2743 425
4727 2707 120
4761 2700 172
4933 2721 338
4909 2608 398
4876 2586 191
4821 2590 364
4963 2349 315
4612 2403 256
4636 2384 700
4579 2321 180
4631 2266 476
4792 2298 482
4821 2190 186
4645 1997 425
4764 2024 175
4757 2015 224
4763 1993 55
4842 2073 126
4834 2016 113
4843 2002 521
4965 1866 201
4883 1885 403
4889 1869 250
4854 1861 323
4821 1848 163
4795 1842 185
4780 1838 238
4770 1853 131
4742 1866 235
4766 1824 113
4745 1801 121
4616 1771 91
4729 1743 50
4801 1668 121
4792 1680 337
4779 1694 210
4781 1660 212
4734 1677 94
4911 1517 401
4889 1459 219
4827 1502 291
4646 1023 457
4635 1036 158
4718 1074 210
4700 1069 701
4723 1037 585
4747 966 493
4665 873 126
5039 3323 182
5037 3311 100
4981 3242 183
5002 3262 252
4992 3256 80
5038 3259 257
5019 3238 347
5042 3228 210
5065 3209 183
5140 3307 247
5153 3294 148
5140 3324 93
5127 3279 226
5110 3273 105
5121 3294 64
5111 3286 284
5223 3161 441
5077 3185 497
5024 3186 355
4993 3178 329
4983 3144 179
4998 3149 138
5000 3137 297
5024 3138 110
5012 3064 651
5191 3086 377
5237 3068 64
5225 3046 326
5042 2967 256
5023 2954 97
5008 2922 249
5004 2903 368
4986 2898 221
5030 2897 259
5000 2852 592
5087 2864 538
3082 3818 200
2988 3721 61
3098 3820 356
3130 3796 316
3183 3733 245
3199 3721 431
3318 3833 318
3294 3570 148
3030 3694 582
3166 3541 363
3159 3508 618
3141 3505 131
3196 3474 214
3249 3470 510
3276 3488 446
3398 3386 253
3325 3345 282
3240 3423 360
3220 3410 371
2613 3633 143
2496 3761 108
2560 3753 346
2509 3702 372
2651 3740 86
2686 3799 227
2721 3759 247
2740 3763 141
2955 3711 325
2900 3707 167
2744 3683 308
2731 3662 992
2672 3680 420
2693 3611 835
2665 3618 411
2559 3557 37
2710 3515 212
2959 3532 328
2895 3428 112
2718 3275 436
2720 3291 380
2747 3248 390
2635 3091 151
2616 3111 415
2606 3094 298
2769 2937 608
3250 3284 339
3230 3294 394
3226 3267 1097
3331 3320 760
3355 3304 329
3388 3260 342
3418 3270 461
3442 3298 320
3376 3222 374
3284 3164 736
3256 3167 320
3198 3219 451
3178 3215 372
3074 3131 336
3216 3110 286
3246 3129 238
3290 3003 533
3139 2994 724
3048 2954 701
2973 2957 327
3013 2918 332
2979 2914 54
3033 2876 235
2503 2954 697
2856 2876 870
2844 3067 172
2903 3063 165
2938 3039 244
2990 2586 184
3044 2755 215
3351 2622 415
3085 2696 119
3326 2362 288
3397 2348 455
3394 2333 215
3381 2335 94
2263 3679 75
2125 3449 181
2147 3456 164
2151 3505 783
2229 3592 88
2284 3572 191
1964 3579 196
2205 3640 500
2208 3678 246
2371 3636 107
2423 3740 130
2399 3824 211
2249 3803 480
2314 3390 211
2072 3458 131
1973 3506 242
1961 3514 95
1992 3386 580
1968 3464 268
2099 3397 357
2190 3358 220
1985 3271 235
2662 2784 180
2647 2780 386
2635 2768 380
2274 3106 401
2192 3064 668
2287 3129 283
1963 2870 1030
2017 2952 638
2032 2985 375
2052 2980 571
2181 2913 677
2442 3083 537
2110 3005 343
2160 3013 338
2065 3044 542
2145 3146 359
2362 3166 64
2423 3280 214
1967 3230 754
1996 3286 383
2030 3279 623
2918 2805 497
2917 2728 256
2940 2685 648
2876 2623 603
2789 2682 173
2826 2662 539
2738 2629 756
2664 2702 578
2590 2631 990
2555 2613 304
2552 2593 312
2659 2518 407
2660 2482 555
2782 2455 510
2951 2429 662
2584 2422 71
2961 2258 577
3002 2253 262
3214 2210 764
3286 2271 546
3338 2319 728
3410 2202 249
3394 2180 197
3295 2093 692
3256 2083 886
3055 2150 497
2985 2075 603
2986 2029 659
3044 2001 538
3156 1977 612
3293 1973 343
3362 2058 439
3354 1905 123
3357 1931 436
3271 1853 227
3215 1927 148
3214 1899 390
3133 1934 266
2828 2164 735
2890 1903 378
2591 1966 172
2511 1834 182
2537 1856 333
2567 1900 383
2542 1912 571
2548 1889 247
2584 1916 381
2618 1856 136
2755 1860 132
2807 2042 535
2764 2074 147
2688 1955 315
2730 2056 409
2650 1967 376
2555 2010 476
2602 2056 154
2529 2111 581
2878 2159 301
2848 2290 443
2592 2274 183
2602 2289 666
2375 2630 73
2263 2354 786
1811 3599 251
2094 2824 485
2121 2723 255
2228 2742 400
2193 2641 118
2206 2654 254
2187 2656 411
2131 2662 299
2125 2649 248
2134 2613 385
2122 2598 618
2049 2513 461
2085 2466 399
2257 2515 218
2275 2484 499
2117 2572 272
1497 3761 688
1580 3775 250
1561 3719 319
1615 3709 513
1600 3732 525
1725 3708 327
1764 3723 522
1837 3607 410
1793 3676 314
1801 3662 57
1908 3427 650
1915 3367 788
1667 3467 1226
1566 3450 893
1504 3342 590
1540 3350 544
1552 3374 480
1646 3424 842
1727 3368 344
1801 3437 732
1894 3420 79
1910 3494 455
1880 3464 489
1857 3483 278
1672 3517 1276
1632 3550 640
1534 3513 400
1500 3586 832
1584 3662 202
1595 3667 240
1707 3593 231
1690 3629 555
1686 3661 210
1777 3594 316
3289 1810 511
3293 1690 100
3455 1684 299
3433 1737 296
3397 1801 348
3329 1731 462
3341 1744 122
3335 1793 335
3310 1774 138
3295 1826 161
3276 1822 213
3011 1751 328
2975 1647 292
3252 1619 590
3249 1659 459
3229 1699 600
3198 1687 293
3135 1672 425
2965 1569 656
3027 1535 362
3236 1482 400
3271 1468 652
3276 1496 316
3393 1453 176
3066 1392 221
3081 1391 112
2999 1469 210
2972 1470 108
3077 1501 231
3098 1494 348
3339 1588 628
3507 1705 366
3678 1540 250
3571 1605 187
3512 1609 293
3535 1574 222
3537 1545 285
3500 1497 342
3521 1483 342
3589 1547 707
3877 1255 179
3834 1194 153
3846 1213 192
3746 1497 311
4384 1698 104
4942 3574 321
4940 3530 428
4829 3513 474
4796 3520 251
4770 3554 295
4753 3474 264
4832 3372 380
4886 3426 325
4963 3412 155
4935 3371 185
4908 3486 190
4906 3470 200
4854 3476 180
4968 3486 153
4975 3581 385
5023 3592 364
5034 3601 181
5025 3540 385
5082 3443 162
5199 3453 394
5039 3558 114
5098 3590 334
5102 3579 104
5088 3514 213
5010 3533 171
5029 3503 200
5045 3498 81
5055 3500 168
5066 3491 358
5055 3470 290
5057 3583 124
5066 3563 95
5107 3472 403
5010 3431 430
5033 3432 302
5056 3442 92
5045 3430 190
5055 3422 314
5068 3427 275
4996 3376 258
5005 3357 561
5026 3369 101
5053 3365 195
5098 3389 121
5116 3356 302
5132 3375 71
5132 3386 217
5143 3353 334
5160 3367 291
5128 3406 414
5235 3475 453
5232 3422 389
5205 3400 588
5161 3414 513
5161 3438 377
5230 3374 464
5200 3366 604
5179 3389 269
5246 3435 88
5095 3523 112
5042 3532 224
5114 2603 102
4988 2826 119
4994 2812 330
5041 2764 127
5073 2794 196
5084 2540 271
5127 2568 499
5148 2576 484
5374 2531 153
5165 2486 267
1095 3685 307
5051 2413 377
4985 2398 226
5047 2329 379
5253 2366 426
5311 2315 238
1164 3764 389
1175 3747 78
1195 3734 262
1151 3706 207
1398 3707 434
1408 3688 656
1337 3720 142
1377 3678 513
1412 3645 403
1442 3643 282
1442 3665 217
1351 3620 549
1381 3591 266
1394 3585 141
1417 3582 605
1455 3567 1011
1386 3427 654
1364 3441 111
1365 3387 780
1472 3319 113
1474 3336 87
1396 3312 487
1416 3333 516
1438 3338 280
1308 3431 550
1292 3419 359
1248 3415 563
1223 3361 205
1088 3403 370
1626 3291 613
1108 3426 161
1077 3580 554
1263 3505 476
1297 3514 252
1192 3612 260
1301 3615 81
1513 3246 403
1669 3308 397
1725 3281 152
1700 3216 603
1842 3278 221
1859 3255 150
1883 3239 551
1803 3152 700
1864 3158 534
1828 3145 608
1805 3111 425
1696 3136 737
1650 3110 206
1603 3151 454
1557 3146 474
1538 3165 831
1523 3098 211
1507 3104 286
1565 3045 965
1630 3048 356
1673 2995 112
1674 2952 331
1824 3060 461
1866 3072 349
1937 3007 690
1932 2947 73
1925 2962 404
1523 2976 442
1677 2840 188
1506 2880 535
1566 2850 1066
1536 2826 305
1474 2841 555
1480 2825 38
1592 2718 320
1589 2784 477
1710 2751 627
1869 2620 411
1506 2548 894
1476 2563 148
1624 2538 639
1724 2548 677
1916 2518 700
1916 2486 957
1641 2435 938
1507 2356 442
1584 2341 423
1621 2360 360
1681 2346 295
1891 2380 460
2148 1847 296
2109 1843 359
2309 2304 573
2421 2330 301
2427 2226 383
2295 2047 869
2302 1992 213
2094 1979 428
1987 1872 266
2035 1853 84
2065 1897 197
2059 1851 293
2292 1886 547
2439 1868 572
2445 1852 172
2426 1851 369
2407 1849 461
2368 1879 449
2741 1739 107
2936 1760 626
2899 1667 273
2945 1613 526
2835 1591 166
2820 1593 350
2605 1704 469
2599 1645 411
2500 1682 786
2529 1615 1136
2533 1575 703
2623 1591 402
2650 1582 340
2822 1510 245
2756 1482 328
2651 1386 332
2578 1455 550
2575 1360 438
640 3827 390
635 3802 169
654 3783 249
671 3733 613
709 3748 415
752 3805 154
591 3703 577
820 3810 280
805 3784 388
775 3760 159
792 3749 425
785 3772 534
867 3795 169
898 3803 194
931 3770 532
920 3834 304
862 3729 693
773 3713 603
831 3640 237
710 3704 735
701 3684 383
719 3678 269
691 3649 303
668 3645 600
622 3641 767
661 3597 384
802 3518 228
820 3615 1134
757 3543 698
809 3493 549
1105 3212 85
1087 3202 278
1083 3218 205
1060 3190 450
1291 3175 704
1265 3193 344
1409 3209 578
1461 3216 423
1389 3241 556
1329 3264 675
1248 3321 162
1180 3323 458
1110 3292 479
863 3437 544
849 3454 389
1166 2984 295
1015 3163 134
1021 3147 581
993 3083 333
1117 3126 489
1332 3041 684
1432 3038 472
1318 3005 486
1286 2924 334
1268 2908 704
1219 3010 737
1189 2959 501
1328 2891 1139
1055 3011 543
1394 2889 532
1362 2840 601
1309 2863 371
1317 2843 305
1065 2823 189
1053 2834 522
648 3328 181
522 3232 333
964 3320 378
934 3320 386
932 3225 461
847 3216 1060
645 3226 386
776 3175 773
928 3139 125
951 2893 804
769 2866 383
682 2916 563
655 2908 368
642 2881 491
617 2878 563
585 2859 581
496 2915 442
512 2947 115
532 2956 526
504 2961 445
497 2975 132
517 2980 477
651 2994 239
665 3016 605
506 3046 1185
771 2941 550
827 2927 241
905 2946 530
881 3073 967
600 3080 451
715 3128 437
546 3142 284
1043 2766 445
1027 2610 158
1331 2585 296
1450 2719 943
1239 2804 613
1167 2816 915
1098 2818 271
1005 2775 315
1162 2506 257
1336 2422 300
1147 2706 372
1814 2246 577
1841 2328 666
1913 2310 202
1830 2165 210
1648 2095 597
1578 2165 1178
1558 2205 269
1464 2120 607
1893 1836 306
1989 1763 720
2436 1732 508
2106 1690 48
2078 1680 547
2070 1712 241
2206 1678 592
2228 1687 524
2263 1630 377
2362 1603 157
2361 1619 427
2426 1609 464
2439 1821 89
2364 1715 564
2257 1753 239
2240 1754 271
2266 1813 680
2046 1607 585
2266 1399 547
1974 1658 205
2089 1544 551
2174 1600 99
2161 1575 392
2183 1569 453
2186 1505 522
2218 1483 140
2264 1570 251
2248 1570 273
2275 1532 243
2366 1523 169
2426 1554 476
2437 1429 373
2333 1413 397
2214 1401 253
2007 1338 284
2343 1399 165
2291 1364 410
2156 1623 125
2485 1263 306
2559 1274 451
2577 1327 215
2586 1196 485
2506 1043 541
2462 1093 344
2660 1051 751
2615 1006 328
2690 1035 337
2773 1086 219
2768 1056 98
2903 990 324
2860 997 179
2597 913 489
2583 853 320
2519 837 158
3048 643 328
580 2763 383
357 2919 184
400 2900 385
373 2868 488
254 2929 228
397 2959 933
752 2681 153
528 2726 442
468 2739 308
465 2753 177
632 2805 434
659 2786 634
724 2731 414
613 2724 470
665 2739 334
656 2715 575
773 2791 432
654 2757 133
803 2793 312
739 2788 123
874 2812 814
929 2825 538
642 2670 472
642 2550 599
482 2496 499
468 2679 399
481 2624 474
477 2544 601
546 2578 637
546 2558 257
522 2609 224
522 2595 172
763 2529 219
842 2510 535
871 2568 515
921 2532 540
854 2411 648
793 2381 540
656 2380 287
534 2357 537
1031 2282 833
1212 2305 261
1208 2285 562
1308 2265 336
1334 2293 667
1421 2112 587
1035 2107 154
969 2099 525
1183 1915 319
1035 1896 576
1059 1869 174
991 1999 503
964 2052 322
1645 1815 479
1702 1767 294
1755 1369 202
1842 1804 553
1930 1737 405
1904 1715 280
1852 1697 415
1557 1632 519
1679 1607 417
1798 1569 406
1851 1583 266
1799 1640 255
1915 1568 359
1966 1569 182
1892 1495 434
1951 1557 401
1931 1447 648
1884 1445 566
1790 1426 368
1831 1418 601
1809 1458 389
1790 1464 253
1770 1468 431
1661 1446 236
1676 1494 689
1613 1398 140
1561 1424 389
1524 1413 357
1525 1368 176
1523 1316 224
1698 1355 209
1749 1343 236
2202 1101 236
2386 1275 265
1984 1280 659
2008 1230 282
2105 1232 173
2236 1287 175
2309 1290 603
2365 1323 405
2295 1199 341
2255 1196 553
2086 1179 281
2041 1143 196
2231 1112 222
2406 1110 324
2389 997 452
2401 945 342
2303 910 351
2232 845 229
2345 841 611
2126 1316 534
2417 820 494
2405 761 326
2345 744 178
2247 679 350
2678 789 176
2213 803 317
2260 737 101
2260 723 310
2175 732 135
2303 683 118
2326 684 62
2312 689 117
2468 506 323
2464 489 272
2828 819 654
258 2762 258
2868 748 215
2786 664 765
2762 637 438
2605 685 419
2627 639 530
2594 582 556
2659 580 437
2656 547 678
2681 550 628
2721 494 414
2754 475 642
2619 498 268
418 2815 100
434 2779 499
396 2786 504
378 2768 848
283 2784 352
244 2777 254
455 2646 255
327 2554 302
379 2546 593
274 2714 169
289 2664 623
289 2641 492
386 2703 135
449 2694 274
402 2714 108
422 2685 141
440 2618 557
393 2608 373
378 2586 339
398 2629 266
335 2599 407
257 2623 305
253 2602 456
271 2609 188
301 2506 158
486 1860 434
608 1984 685
234 2708 246
531 2260 473
552 2250 541
504 2217 347
920 2117 214
752 2156 294
704 2184 155
535 2198 672
465 2212 701
491 2176 681
563 2117 437
536 2057 346
555 2080 121
654 2055 764
858 1911 743
639 1897 460
661 1895 427
606 1906 245
547 1949 458
533 1893 277
542 1833 251
852 1847 133
650 2112 95
560 1813 566
585 1825 683
298 2212 372
468 1841 391
433 1875 195
337 2257 331
312 2203 154
432 2041 208
322 2019 400
286 2080 281
347 2057 328
305 1960 646
287 1946 248
301 1929 410
339 1927 464
369 1962 426
340 1949 154
374 1990 499
394 2003 134
399 1994 230
428 1953 396
444 1981 288
465 1977 543
460 1950 341
103 1875 213
113 1907 61
121 1917 244
386 1867 123
451 1847 282
438 1846 97
471 1824 141
1014 1562 174
1324 1482 580
1219 1475 407
1182 1430 328
1170 1479 167
1130 1457 321
1130 1483 620
1017 1453 239
1046 1491 539
1002 1524 401
978 1621 698
1029 1577 553
1085 1554 228
1070 1596 128
1242 1572 526
1236 1605 563
1281 1596 481
1394 1602 462
1387 1642 310
1221 1810 1061
1131 1730 373
1094 1789 358
1063 1808 306
1413 1370 118
1370 1366 400
1353 1385 473
1149 1405 417
1097 1384 556
1122 1329 277
1012 1703 253
1008 1676 328
1078 1691 202
1081 1676 222
1129 1687 640
419 1776 203
481 1748 312
658 1793 599
711 1766 521
911 1795 309
964 1722 393
917 1672 191
930 1669 138
918 1648 234
824 1672 295
814 1653 220
843 1595 274
627 1655 270
645 1592 500
730 1577 334
832 1572 476
535 1640 238
519 1607 290
507 1510 317
481 1487 257
569 1479 196
575 1454 259
659 1457 345
703 1492 76
599 1519 275
588 1499 255
630 1480 320
628 1517 290
591 1564 232
492 1521 191
730 1466 278
726 1436 596
725 1418 400
705 1395 266
765 1360 129
743 1322 306
864 1399 474
931 1334 323
834 1498 355
897 1533 138
890 1544 310
673 1545 229
1061 1287 385
916 1283 536
1132 1194 610
1312 1274 484
1370 1269 237
1396 1227 287
1411 1216 503
1442 1142 291
1460 1141 170
1355 1157 177
1348 1115 393
1278 1174 254
1231 1146 567
1225 1192 231
1099 1162 334
1097 1145 382
1059 1178 358
1026 1177 530
1109 1107 492
1305 1022 295
1285 1022 168
1396 1060 344
1611 1237 235
1648 1260 567
1666 1259 319
1681 1237 388
1493 1270 245
1699 843 283
1634 875 235
1821 1019 322
1497 1077 906
1525 1144 233
1530 1163 131
1532 1185 261
1754 1183 144
1743 1199 183
1836 1264 582
1811 1266 472
1766 1254 417
1744 1259 432
1722 1285 610
1819 919 153
880 4695 96
2402 1050 49
3081 4385 294
3765 4447 101
3752 4447 168
3513 3195 50
3171 3105 17
3176 3110 78
5690 3115 199
5492 2673 110
5526 2608 119
